105
2 100
98 100
97 99
2 4
195 99
417021999 1
1000000000 99
138 6
4 5
396767469 94
1 2
3 100
197 100
102 100
4 8
999999999 100
1 100
186260212 39
4 2
1 1
6 2
692322617 52
6 3
200 99
1 73
9 3
236088977 100
203 100
1000000000 1
103 100
4 3
200 100
999999999 2
1 31
197 99
999999999 99
3 6
101 99
202 100
1000000000 2
146755893 1
199 99
8 3
7 3
1 99
2 3
3 2
99 99
7 2
2 5
829603365 4
999999999 3
999999999 1
4 4
3 4
412538846 2
289629644 32
2 2
1000000000 100
3 99
1000000000 94
102 99
5 3
4 9
140386937 94
96 99
558689828 44
783314473 84
114382 1
5 2
3 1
3 3
1 3
4 7
198 100
99 100
5 1
524548163 21
3 7
201 99
100 99
59243198 88
313273513 69
1000000000 3
997184809 100
198101484 78
4 1
100 100
417304805 46
101 100
313424185 10
1000000000 40
201 100
2 1
3 5
128124448 100
98 99
198 99
199 100
345560726 67
4 6
1 10
2 99
97 100
196 99
