931951248564234
543318535845123
716406996122549
748681263295975
12311699525330
6566978587694479725
697661822421145
514210607042538
537574018594693
685138775901874
7689980261025088265
6412565047152896593
689874125173032
2918584823978789760
835565816078264
9184583066675086219
6029540617185205962
591652153716935
5041525965152542097
284766145954043
3102273497351946473
256994274302985
371185267312965
4752965628566204727
2694660444585153591
7550072974614174968
556895401643484982
1856371892766039579
760426813975831
8417327567048605288
5514383858686655851
4092499142055802609
3037670535896233971
584014589745861
4037864050528368034
8670333331361701457
960400012939961
888579900722065
8156079118189111754
161342796381450
6135851041251773220
5867489266334805897
3668523407320812071
102296866595865
551619066390682
9162230842142232349
8757490679465390171
623590906176957
3214097809181137769
6253841118919498374
639126468624733
397912644922719
8705251856251359603
567108152004136
5135909621527561588
559872560886502
6975633259976638169
1696528644272897376
571373387028298
4885001410726383269
846826818545123
259897104343709
352746613208735
5026826170538858627
758429597657132
451078820354844
883811987981100
3569315369731177689
8892145789808454835
772440252059515
874415503743541
5395714337110519657
945040565828830
844684477828422
600298381529685
969197144236847
7225949564896140758
443006607452241
697545974967766
645930596871591
659871714637060308
2201137214247796233
2143833415170817930
8752098831819609857
592243963244567
6955756846906975678
66110871669579
579769332156800
5968448186928885521
2974998787723554962
2819796018144402111
7997372712267182584
4678973565823282552
682786464566571
733773583946080
1891712635906763103
857598260795435
1547794310266184263
683000769221383
406431313842688
5961161574215019498
3869080664691172092
441177656992348
1053677942605812231
9103148252094553273
8982900673855870942
5873161915777778529
6195404266254375127
307861271235140
6360153743145135128
7494618588207758150
4479133443678014025
744695293387960
4364014706118582858
745968391440822
65055870407598
274933009357884
1986632843459004559
7456007547971566183
199006625390154
607556370102952
741862231001118
6702571883743406545
8690567757444826166
8129091008921005997
2583236079961296677
351896324490208
791789753842496
8528437132500966626
776638240838060
165465510156789
297274918587198
732021656607287
5270684768551762250
3032245772349874005
7500559455615129254
561375932085594939
141955509989127
869040684570675
23355749604234
2302470517258475835
158732792334122
7636650160414045108
790369865925596
173308636944231809
528087142744727
651490142085731
466409818083772
5066939379306191291
244533208775214844
636169073536678
1708954658940966109
548248988934632
723726912323207
8700998965901287095
263704170707884
4948608980214807448
27464517430039
549441013338848
723258861624579
2052086795458
810041368501810
7229423492681245326
3960942508493751074
14852916670686
8059299736482475200
4674406086325821196
5945620820312366964
7146141883280672441
275429739915708
583277702191991
660403976209529
162618813015033
934985329440054
1154252954200953594
25177681716771
6654677204410680146
6190379360381554657
5393780000902
723162974888793
852531542088551
2566019241385820279
4330093832251809273
3427992889083230961
7003931234708262274
2650659158441459375
746609563427040
521941955566221852
7583686967751031247
923057111976190018
1248852037865425410
8851048763094130212
35724831608408
977220304994418
8265057113266691052
204202362084074
876239022447910
989812634983805
258585206260584
1612300762204186997
8152181601565653036
634298954927697
7904897494032012729
674938537981329
514046395982396
291724488494808
6215930236982523925
233559801569582
8811824418974048155
1159469125385582912
702587891849077
6919176010062551987
4514183051583887150
172839066140251
5062971667185317512
645068477920006
4375421764909014892
464655624752463
680158311639624
4415914581303660291
791423398948046269
586194373652638
736279317663030
6183425212304704085
7019189714774437758
7284124089748055531
6703839677147050695
8639636622304457736
146560315064259124
2649132917657979429
8725820796958956406
1613309914397651478
8317584744128058138
813804034055493
829271701496996
803002459788170506
692237787009642
423456312616928
540081122403409
3104172479883832933
1073572769363152471
122001240071629
6612845742708555351
84404352934565744
866307541115519
7710975676761169567
320133496959351613
227919487650283
261061984301321
3812208515075577730
8463873707700703744
6819074419096549446
4190798556185983491
6302540840099076878
653318686726030
236181624113090
599825051147866097
175119746688413
220345421587712
3175174607535531817
9026100911884959358
2212576839999739806
4429559846138102630
396278288072902
226941582419522
1978345856029698287
892078665065056
816006272568007
70860160786125918
284109588966873
120105730464462
6286695814802393070
3245291910836201005
5562895031008938211
227872694827710
8255863576892581507
819328919046836
569685816807741
529235772639233852
727078403801409
3579058550991835669
2040194717643782420
951994777136316
858562234779712
63514716280156
5450879444672277193
3252198251786492989
3031913484181592371
8799177804774743019
965885167255885
5841938333292270043
6122338123883323140
5347245479409093202
937132258882447
5871948911817167044
420149375714841446
2634774329278517059
895654249061658
9130680105894775026
194924255136905
16134758174084
139398523212430
211238364293464
799773800583372
8569243655022492300
3780160396229984886
132497611943266
942225649898797
834743022162424
575901379082524
814823180113879
2785451911180838510
952584318797289
3417358984411200361
1222382895728709073
8559783288978563338
677860185151955
458902414604417
4561021900663360180
2252133047011954512
8782897210450267045
3707562559770315754
748238852463934
741259148493039
967014444176640
6848161986234395515
6728439333021242021
3173124324482060330
771297140756048
6174780824971319633
1743818063911276331
6051857606097163028
522990139281725
20663652231924
5835156231907738776
2008341270346760748
365155864249414
173979142158596
240654526717277
552933284268039
9130156978935948779
497699112554737
282712203118607
518384374486289
644698320031727
962645019673192
409146991986056
4381532748791402633
117986541208663
183608717611474
893022419722224
3838873685857064127
4059278924956282558
825542457780626
5952830561616844902
5790808043328490922
797215984506934
709204825099641
580405361636802
2350680529866748619
1121095467606378762
467943798848835
380257662603408
8765929309402693604
317862961000833
264456837378391
620564216459483
255403454348745096
811235233671414145
6064010778487493566
7384014966956792204
80567267310692
8092459585001113885
4306507392377162131
1989615889874190156
2117883853443241027
4118541811915047639
42799615327279
655207782865052
23047452603115
57940096937913
8963205841174892420
742686070320805
493735785757154
748616641641895
762174477377522
183354438240037
487703623613277
140536805208587401
6558910862034852540
57940527352528
978369715927760
1427062131747349943
492001282661372
7902258516875436315
2594275832195659804
5886572081531632011
6497483389877629432
849916170311036
56332281758558
1082489055248212696
653910026918142375
905557261061260
1202563402771127724
8048961544243923335
453148723429253
2358076615453535648
7796424663887996427
613302970238472
627600286851318227
5261846980754565299
740814477661493
736821043753990
1862468241301875616
156060759856343521
8866273454792491736
260347681948452
945532205287762
6340105142765788083
4439711278400170990
4785409545704689551
409149115429190
633974672407561
1440964279096111130
616860610609120
596300332016249
5513377420554471733
8916142707013964275
318208660266829737
2139114147569608698
728988632553727
844358232542368378
816618498838890
3486221094563725571
412405546768537
920619320023657807
461803484803557
902621191535073
3706706337726127226
233001122289340
8895719454292056765
239934686230450
777475822939974
5901329049595563801
287986230573307
8188286074852188554
4527883777563937913
574687232505662
37251973283520
5664985199661230516
116786407849814
563612490071424
727980795827392
1918325703156767787
4275949150000368692
120381541018683
684265043263216
499788610931519
156471770451237
4019368976099617559
88510326676078
8700346175921432509
951015231425815
521969466382456
255228327462897
5392114638976928066
821703118093628
3400944067868512059
5949258338135822858
571352513856417722
848370325196914
8971817929368411167
15317350224055
405752965370350
447976536517137
817429246000759
792293045512112
7948249970111159954
903527073927588393
357249331453104
5407986531182333567
646424364467534
162858780891462
1251781469282726042
2667130530962382147
861953008482666
166169225490521
6322745101407512634
7427384519403100799
168250003841029
2134021625648303394
712971117639738
775468023201224
764206163868751091
4576482737766940742
2477568457295629780
8612979541975584705
313143209359080
4451072691230235426
709461884323637120
37921131297270
4992489807901310938
5458049157791318449
4356163030131244205
4835329555526569551
512052756136271
6206024898840097202
303061622555285
760097294162073
554181002401534
5897111412933990257
53652353880893
757902621276461
221644122066923
3192129869376364982
57065759079551
4582918044793570936
541615131309445
267446035349026955
576014113251153
6193947856984766386
46260042068525
7335226310540156292
8493928466779199543
973095234047520
1634175238796686183
85738108708521
402139377468684
572967976964328
5891289107244537458
8447379793908140507
6823963435265230376
208479683430579745
215375559035207
3232480961068145020
299125558562230
8383644831210009641
8402748184217471405
9137209985622350774
344307741773187
8972547734710795566
625002281186392279
3866807698726339637
7205358409203299180
453277275848272
755843062311672
856916153770874
315251261850257
37302962546151
5182115879210719670
907873953259310
1837105952530316058
604188725177670
315159980103862
300577925092089
182831966962001
531504969275602705
7431104394604748426
5204026586393077531
467342110469005
5887099797146292006
2270109693486247508
3838489129977355762
8126547357118301633
9052319155099110464
770421031902562
4389998719836463980
1302548092028853470
944096417683669
262105369827306
8948164820835424145
3951159057888736589
8778540732652162753
5363953658134647103
3440185808972009200
8005762280394288133
2988718857225198152
678030172296176
310023852328572
457934969594281
579228243242060
896559847059784
448881061747528
8044666255052297783
187361876994205
942176258255049
3982719612496247400
695330092247108707
2153848747665754338
6978535805224432571
8209367948889736949
648819281604044
314213229221479
1690019174311406035
93917830892352
9083308405590075982
9153191064326230951
6856925961374811551
530972846000695
6576585943791349484
8840567523125912282
218743543617334
302438226120877
4308913658510445082
1293772592063302344
257453182523555
6209707374283278028
8059760967121829853
988108242834730
236318831875052
6751071460392744865
1336030836839904136
973663451075571
1965233157265405983
2211812924503059239
154968452395640
437956241529021
300334293164389
5326267355571829268
3923745101517032298
664494485253935
395315144480173
429524065551462
7071673173476608586
3556283025270446335
658315898528816725
719467452801051
596902679696332
5299971832672937326
70043882336455
3713773607632901861
5707875418806483255
1810915585111530473
150193222906212
175452544956824
614247648874042
711016608896725
105422576188851
613109155420064
6269154814902278202
208441124738479
7016087217872166929
613633329435671
7503515175847762748
2258867823273260514
8024569764169071557
998599217742496
361772755079059
4777015574921577837
6287115858827066074
8489819892706651399
6666334949338369993
3353450172272500341
6438524243840428787
8981474656956
552612087321706
697045850918084
8609709793627283757
6020628633767269011
875593886862181
2210005554575274405
1557927271810341706
958328158026487
493493847475466779
5990443173263547430
5441518070935718077
436681276656848
4000488814786935591
6568001756330762063
915997916422887
7220404010846068686
4791181672152854
896600029778859256
685299549954467
8540244741312291150
597832355221478
6116877365036470315
3435532350205377704
1700188229005727470
2003233604438068678
9200700111246490890
8592236630142322398
15195306726194
6306108494297192985
2828356184930533677
620629352845047
296367141382799
704326412238502
1634257707699822785
712950951787328
770681078031656
143039642317874
18644549011438
52438029112433
709130660277794345
1637184643761804371
4218160072471349910
1473691226426629581
4742951979457606021
651308339506337942
816861285730288
725882523060129
457324036151847
171473649474951
423911944927735
574223786384294
796349431725149
3333337471825030029
857047923056144
988671418474826
1266870846109464791
308477537052879
49176210180812
1168447466971762345
232495612059721
512148051997527
134403212065462
8053761138620448460
2442107022588075509
254414643421075
2749225075653830789
6444187106925350071
780198795852911131
836212333854709
2662630172971476475
887161908366621
822921222405372
2672133756769464425
2265193939454652363
6721454094634463277
4953306346525230082
2100441935415071480
676918769934959
939535945446129
888114441475156
5726273084626389998
106106949450397
1146649639092133254
3744894000085761569
8959954456910482516
1527496195334546428
521339998508550
143601603071770
827629029640194
2886276736199315342
6254579538196178032
247248446755838
6405240413257919216
816180108381670
7553717274310387624
155530102293601
891406366009347
602995508900984
857386332886077
6837149463099766937
307733682720311
5607486140374329647
958427699872884
869501852347427
181463134716189
545015136325290
4298196647118074747
495587557940069
853206838493072
785479468600231
5180896359975323937
3075694960611200431
147296738719179
1617857952543104985
205642765475865
4892352754475215646
7017112574129036660
3975075785518808190
914387802726278
5757441138678056478
119129720704350
504512181993018
3906812380515301028
176031103945886
173010886819234
3048608408918882691
4738483219849723703
2556841339462610604
7088779505939683183
680055064158556
2315044936293855308
329519083206921
5073004669687570949
528504335909385
119687225328684
47893544380608
5379858391330892049
6980917169184912998
7618399398127608097
181878217485192
33618537498844
211625179383762
3470579368412517052
2599680620339408367
1270053237908053448
428632191392819
836909183133087
8354552322611949357
669395675904242
1790114062253914451
557323499571799
6851509563331617580
168901060554419884
9085006630991620229
9055967412808709037
3458270318471332488
996551176989879
1620616963605432410
781756252908608
437645166165639
4056351287962212080
4278278843148290847
771774560036862
683710365849473
799244327993888
7618489197525
4679791554410865501
1580707630770476037
699399831701585
106666027438734
8330669807899443473
4875666253256352039
327692898213057
919147551255493
966139221944695
291206752155758693
3442101705279585713
119253293150446
120014342762916
456772085666528
7243491713649826569
8823022869500312410
961350373727093
6377764165704184464
496656338551810
773474046332356
179717448968317497
7412933249652771804
913214378150707
2798224660835368817
748293992911976
1366302870241512636
894895504790373
6566259136811987209
653200526211133
472882074231586
6025085618534905645
213513857758059
6489054720541585180
3004928220875310213
792975361721939
5173505438503336781
212792614834869
4320337590540710547
297728211754501
637496989440645
3569981165307602347
5113543632741494138
3159161448000677570
138633237620452
718838419070287
8534263250311217423
406898817113614
326164407850848
4829488265746237263
3104932449951237120
2989958142304279488
6734490609685717062
3859961452154270883
742398043567245501
6098711912608423295
6233935434638299155
3386683349955795885
956334431352435
579345048538257
587866144613888
86986480818494
372825050751557
308110166188097
210358073900610
7741197987988527254
5101270312905584526
671689594281308077
7203789790519658258
689941395946854
221552874820768
9000483733039705317
8807076875709895728
6773668131533653584
308215997593136
453739862234362
4018921933875333744
3600625270766782129
231259391294064
249336393279214231
2496921517591669744
264341061776385
5341232263014748696
685485832068823
402288800658108
290912955085727393
7021355208717803796
6246999615324043054
141708904596471
822507508246664
254876905002494
447212157564770
192311188438770
806540218855542
2792820689505589235
3753289685429929419
402654566950359
915478364939250
1872712387771032593
482459214391384
1736102587052874498
5129113369150286745
346260797892858
1598288382590173390
69707766974981
4603228855421380865
503121367540901
8617608868051245066
201785415121070
3626448942281457521
643666520789113
6002187361907355959
6783316811528119504
340033255492200
403529216204023
3813623497653179264
7351162576557167474
9156814072173030162
629259075127282
684771433215596
7208752288636072458
3311837168460713142
15595788767204175
890162155331408920
878429961754697605
16776483958513
7268978143074030034
908587245178389
899785005954032
549237375256018
409530198849693
522601446762373
7144061033013
526922799283626
