1 3 10000
0 1 2
55
1 0 0 2 2 1
1 0 1 0 2 2
1 0 1 2 0 2
1 0 1 2 2 0
1 0 2 0 1 2
1 0 2 0 2 1
1 0 2 1 0 2
1 0 2 1 2 0
1 0 2 2 0 1
1 0 2 2 1 0
1 1 0 0 2 2
1 1 0 2 0 2
1 1 0 2 2 0
1 1 2 0 0 2
1 1 2 0 2 0
1 1 2 2 0 0
1 2 0 0 1 2
1 2 0 0 2 1
1 2 0 1 0 2
1 2 0 1 2 0
1 2 0 2 0 1
1 2 0 2 1 0
1 2 1 0 0 2
1 2 1 0 2 0
1 2 1 2 0 0
1 2 2 0 0 1
1 2 2 0 1 0 
1 2 2 1 0 0
2 0 0 1 1 2
2 0 0 1 2 1
2 0 0 2 1 1
2 0 1 0 1 2
2 0 1 0 2 1
2 0 1 1 0 2
2 0 1 1 2 0
2 0 1 2 0 1
2 0 1 2 1 0
2 0 2 0 1 1
2 0 2 1 0 1
2 0 2 1 1 0
2 1 0 0 1 2
2 1 0 0 2 1
2 1 0 1 0 2
2 1 0 1 2 0
2 1 0 2 0 1 
2 1 0 2 1 0
2 1 1 0 0 2
2 1 1 0 2 0
2 1 1 2 0 0
2 1 2 0 0 1
2 1 2 0 1 0
2 1 2 1 0 0
2 2 1 0 0 1
2 2 1 0 1 0
2 2 1 1 0 0